---
build/images/app-center-399c4aab.png: 2017-08-30 01:31:51.000000000 -07:00
build/images/cloud-money-1ccd8c24.svg: 2017-08-30 01:31:42.000000000 -07:00
build/images/cloud-services-3a08066a.jpg: 2017-08-30 01:31:41.000000000 -07:00
build/images/developer-center-fa9f332d.png: 2017-08-30 01:31:57.000000000 -07:00
build/images/ftc-screenshot-c07d2da5.png: 2017-08-30 01:35:52.000000000 -07:00
build/images/pgs-ic-screenshot-e29e1e6e.png: 2017-08-30 01:34:53.000000000 -07:00
build/images/quiz-app-d425ef9d.png: 2017-08-30 01:32:16.000000000 -07:00
build/images/reversing-scifi-ac820994.png: 2017-08-30 01:32:07.000000000 -07:00
build/images/stackcover-67600097.png: 2017-08-30 01:32:29.000000000 -07:00
build/images/twilio-logo-7f2e0c65.svg: 2017-08-30 01:32:21.000000000 -07:00
build/images/twitter-occupy-e550442e.png: 2017-08-30 01:32:31.000000000 -07:00
build/images/vue-logo-718c6e48.png: 2017-08-30 01:32:41.000000000 -07:00
